0	37	0.00
1	37	0.00
2	37	0.00
3	37	0.00
4	37	0.00
5	37	0.00
6	37	0.00
7	37	0.00
8	37	0.00
9	37	0.00
10	37	0.00
11	37	0.00
12	37	0.00
13	37	0.00
14	37	TRUE
15	37	TRUE
16	37	0.00
17	37	0.00
18	37	0.00
19	37	0.00
20	37	0.00
21	37	0.00
22	37	0.00
23	37	0.00
24	37	0.00
25	37	0.00
26	37	0.00
27	37	0.00
28	37	0.00
29	37	0.00
30	37	0.00
31	37	0.00
32	37	0.00
33	37	0.00
34	37	0.00
35	37	0.00
0	36	0.00
1	36	0.00
2	36	0.00
3	36	0.00
4	36	0.00
5	36	0.00
6	36	0.00
7	36	0.00
8	36	0.00
9	36	0.00
10	36	0.00
11	36	0.00
12	36	0.00
13	36	0.00
14	36	TRUE
15	36	TRUE
16	36	0.00
17	36	0.00
18	36	0.00
19	36	0.00
20	36	0.00
21	36	0.00
22	36	0.00
23	36	0.00
24	36	0.00
25	36	0.00
26	36	0.00
27	36	0.00
28	36	0.00
29	36	0.00
30	36	0.00
31	36	0.00
32	36	0.00
33	36	0.00
34	36	0.00
35	36	0.00
0	35	0.00
1	35	0.00
2	35	0.00
3	35	0.00
4	35	0.00
5	35	0.00
6	35	0.00
7	35	0.00
8	35	0.00
9	35	0.00
10	35	0.00
11	35	0.00
12	35	0.00
13	35	0.00
14	35	TRUE
15	35	TRUE
16	35	0.00
17	35	0.00
18	35	0.00
19	35	0.00
20	35	0.00
21	35	0.00
22	35	0.00
23	35	0.00
24	35	0.00
25	35	0.00
26	35	0.00
27	35	0.00
28	35	0.00
29	35	0.00
30	35	0.00
31	35	0.00
32	35	0.00
33	35	0.00
34	35	0.00
35	35	0.00
0	34	0.00
1	34	0.00
2	34	0.00
3	34	0.00
4	34	0.00
5	34	0.00
6	34	0.00
7	34	0.00
8	34	0.00
9	34	0.00
10	34	0.00
11	34	0.00
12	34	0.00
13	34	TRUE
14	34	TRUE
15	34	TRUE
16	34	0.00
17	34	0.00
18	34	0.00
19	34	0.00
20	34	0.00
21	34	0.00
22	34	0.00
23	34	0.00
24	34	0.00
25	34	0.00
26	34	0.00
27	34	0.00
28	34	0.00
29	34	0.00
30	34	0.00
31	34	0.00
32	34	0.00
33	34	0.00
34	34	0.00
35	34	0.00
0	33	0.00
1	33	0.00
2	33	0.00
3	33	0.00
4	33	0.00
5	33	0.00
6	33	0.00
7	33	0.00
8	33	0.00
9	33	0.00
10	33	0.00
11	33	0.00
12	33	TRUE
13	33	TRUE
14	33	0.00
15	33	0.00
16	33	0.00
17	33	0.00
18	33	0.00
19	33	0.00
20	33	0.00
21	33	0.00
22	33	0.00
23	33	0.00
24	33	0.00
25	33	0.00
26	33	0.00
27	33	0.00
28	33	0.00
29	33	0.00
30	33	0.00
31	33	0.00
32	33	0.00
33	33	0.00
34	33	0.00
35	33	0.00
0	32	0.00
1	32	0.00
2	32	0.00
3	32	0.00
4	32	0.00
5	32	0.00
6	32	0.00
7	32	0.00
8	32	0.00
9	32	0.00
10	32	0.00
11	32	0.00
12	32	TRUE
13	32	TRUE
14	32	0.00
15	32	0.00
16	32	0.00
17	32	0.00
18	32	0.00
19	32	0.00
20	32	0.00
21	32	0.00
22	32	0.00
23	32	0.00
24	32	0.00
25	32	0.00
26	32	0.00
27	32	0.00
28	32	0.00
29	32	0.00
30	32	0.00
31	32	0.00
32	32	0.00
33	32	0.00
34	32	0.00
35	32	0.00
0	31	0.00
1	31	0.00
2	31	0.00
3	31	0.00
4	31	0.00
5	31	0.00
6	31	0.00
7	31	0.00
8	31	0.00
9	31	0.00
10	31	0.00
11	31	0.00
12	31	0.00
13	31	0.00
14	31	TRUE
15	31	TRUE
16	31	0.00
17	31	0.00
18	31	0.00
19	31	0.00
20	31	0.00
21	31	0.00
22	31	0.00
23	31	0.00
24	31	0.00
25	31	0.00
26	31	0.00
27	31	0.00
28	31	0.00
29	31	0.00
30	31	0.00
31	31	0.00
32	31	0.00
33	31	0.00
34	31	0.00
35	31	0.00
0	30	0.00
1	30	0.00
2	30	0.00
3	30	0.00
4	30	0.00
5	30	0.00
6	30	0.00
7	30	0.00
8	30	0.00
9	30	0.00
10	30	0.00
11	30	0.00
12	30	0.00
13	30	0.00
14	30	TRUE
15	30	TRUE
16	30	0.00
17	30	0.00
18	30	0.00
19	30	0.00
20	30	0.00
21	30	0.00
22	30	0.00
23	30	0.00
24	30	0.00
25	30	0.00
26	30	0.00
27	30	0.00
28	30	0.00
29	30	0.00
30	30	0.00
31	30	0.00
32	30	0.00
33	30	0.00
34	30	0.00
35	30	0.00
0	29	0.00
1	29	0.00
2	29	0.00
3	29	0.00
4	29	0.00
5	29	0.00
6	29	0.00
7	29	0.00
8	29	0.00
9	29	0.00
10	29	0.00
11	29	0.00
12	29	0.00
13	29	0.00
14	29	0.00
15	29	TRUE
16	29	0.00
17	29	0.00
18	29	0.00
19	29	0.00
20	29	0.00
21	29	0.00
22	29	0.00
23	29	0.00
24	29	0.00
25	29	0.00
26	29	0.00
27	29	0.00
28	29	0.00
29	29	0.00
30	29	0.00
31	29	0.00
32	29	0.00
33	29	0.00
34	29	TRUE
35	29	0.00
0	28	0.00
1	28	0.00
2	28	0.00
3	28	0.00
4	28	0.00
5	28	0.00
6	28	0.00
7	28	0.00
8	28	0.00
9	28	0.00
10	28	0.00
11	28	0.00
12	28	0.00
13	28	0.00
14	28	0.00
15	28	TRUE
16	28	0.00
17	28	0.00
18	28	0.00
19	28	0.00
20	28	0.00
21	28	0.00
22	28	0.00
23	28	0.00
24	28	0.00
25	28	0.00
26	28	0.00
27	28	0.00
28	28	0.00
29	28	0.00
30	28	0.00
31	28	0.00
32	28	0.00
33	28	0.00
34	28	TRUE
35	28	0.00
0	27	0.00
1	27	0.00
2	27	0.00
3	27	0.00
4	27	0.00
5	27	0.00
6	27	TRUE
7	27	TRUE
8	27	0.00
9	27	0.00
10	27	0.00
11	27	0.00
12	27	0.00
13	27	0.00
14	27	0.00
15	27	TRUE
16	27	TRUE
17	27	TRUE
18	27	0.00
19	27	0.00
20	27	0.00
21	27	0.00
22	27	0.00
23	27	0.00
24	27	0.00
25	27	0.00
26	27	0.00
27	27	0.00
28	27	0.00
29	27	0.00
30	27	0.00
31	27	0.00
32	27	0.00
33	27	0.00
34	27	TRUE
35	27	0.00
0	26	0.00
1	26	0.00
2	26	0.00
3	26	0.00
4	26	0.00
5	26	0.00
6	26	0.00
7	26	TRUE
8	26	TRUE
9	26	TRUE
10	26	TRUE
11	26	0.00
12	26	0.00
13	26	0.00
14	26	0.00
15	26	0.00
16	26	TRUE
17	26	TRUE
18	26	0.00
19	26	0.00
20	26	0.00
21	26	0.00
22	26	0.00
23	26	0.00
24	26	0.00
25	26	0.00
26	26	0.00
27	26	0.00
28	26	0.00
29	26	0.00
30	26	0.00
31	26	0.00
32	26	0.00
33	26	0.00
34	26	TRUE
35	26	TRUE
0	25	0.00
1	25	0.00
2	25	0.00
3	25	0.00
4	25	0.00
5	25	0.00
6	25	0.00
7	25	TRUE
8	25	TRUE
9	25	TRUE
10	25	TRUE
11	25	0.00
12	25	0.00
13	25	0.00
14	25	0.00
15	25	0.00
16	25	0.00
17	25	TRUE
18	25	TRUE
19	25	TRUE
20	25	0.00
21	25	0.00
22	25	0.00
23	25	0.00
24	25	0.00
25	25	0.00
26	25	0.00
27	25	0.00
28	25	0.00
29	25	0.00
30	25	0.00
31	25	0.00
32	25	TRUE
33	25	TRUE
34	25	TRUE
35	25	0.00
0	24	0.00
1	24	0.00
2	24	0.00
3	24	0.00
4	24	0.00
5	24	0.00
6	24	TRUE
7	24	TRUE
8	24	TRUE
9	24	TRUE
10	24	TRUE
11	24	0.00
12	24	0.00
13	24	0.00
14	24	0.00
15	24	0.00
16	24	0.00
17	24	0.00
18	24	TRUE
19	24	TRUE
20	24	0.00
21	24	0.00
22	24	0.00
23	24	0.00
24	24	0.00
25	24	0.00
26	24	0.00
27	24	0.00
28	24	0.00
29	24	0.00
30	24	0.00
31	24	0.00
32	24	TRUE
33	24	TRUE
34	24	TRUE
35	24	TRUE
0	23	0.00
1	23	0.00
2	23	0.00
3	23	0.00
4	23	0.00
5	23	TRUE
6	23	0.00
7	23	0.00
8	23	0.00
9	23	0.00
10	23	TRUE
11	23	TRUE
12	23	0.00
13	23	0.00
14	23	0.00
15	23	0.00
16	23	0.00
17	23	0.00
18	23	TRUE
19	23	TRUE
20	23	0.00
21	23	0.00
22	23	0.00
23	23	0.00
24	23	0.00
25	23	0.00
26	23	0.00
27	23	0.00
28	23	0.00
29	23	0.00
30	23	TRUE
31	23	TRUE
32	23	TRUE
33	23	TRUE
34	23	TRUE
35	23	TRUE
0	22	0.00
1	22	0.00
2	22	0.00
3	22	0.00
4	22	0.00
5	22	TRUE
6	22	0.00
7	22	0.00
8	22	0.00
9	22	0.00
10	22	TRUE
11	22	TRUE
12	22	0.00
13	22	0.00
14	22	0.00
15	22	0.00
16	22	0.00
17	22	0.00
18	22	TRUE
19	22	TRUE
20	22	0.00
21	22	0.00
22	22	0.00
23	22	0.00
24	22	0.00
25	22	0.00
26	22	0.00
27	22	0.00
28	22	0.00
29	22	0.00
30	22	TRUE
31	22	TRUE
32	22	0.00
33	22	0.00
34	22	TRUE
35	22	0.00
0	21	0.00
1	21	0.00
2	21	0.00
3	21	0.00
4	21	0.00
5	21	0.00
6	21	TRUE
7	21	TRUE
8	21	TRUE
9	21	TRUE
10	21	TRUE
11	21	TRUE
12	21	0.00
13	21	0.00
14	21	0.00
15	21	0.00
16	21	0.00
17	21	0.00
18	21	TRUE
19	21	TRUE
20	21	TRUE
21	21	TRUE
22	21	0.00
23	21	0.00
24	21	0.00
25	21	0.00
26	21	TRUE
27	21	TRUE
28	21	TRUE
29	21	TRUE
30	21	0.00
31	21	0.00
32	21	0.00
33	21	0.00
34	21	0.00
35	21	0.00
0	20	0.00
1	20	0.00
2	20	0.00
3	20	0.00
4	20	0.00
5	20	0.00
6	20	TRUE
7	20	TRUE
8	20	TRUE
9	20	0.00
10	20	0.00
11	20	0.00
12	20	0.00
13	20	0.00
14	20	0.00
15	20	0.00
16	20	0.00
17	20	0.00
18	20	0.00
19	20	TRUE
20	20	TRUE
21	20	TRUE
22	20	0.00
23	20	0.00
24	20	0.00
25	20	0.00
26	20	TRUE
27	20	TRUE
28	20	TRUE
29	20	0.00
30	20	0.00
31	20	0.00
32	20	0.00
33	20	0.00
34	20	0.00
35	20	0.00
0	19	0.00
1	19	0.00
2	19	0.00
3	19	0.00
4	19	0.00
5	19	0.00
6	19	TRUE
7	19	TRUE
8	19	TRUE
9	19	TRUE
10	19	0.00
11	19	0.00
12	19	0.00
13	19	0.00
14	19	0.00
15	19	0.00
16	19	0.00
17	19	0.00
18	19	TRUE
19	19	0.00
20	19	0.00
21	19	TRUE
22	19	0.00
23	19	0.00
24	19	0.00
25	19	0.00
26	19	TRUE
27	19	0.00
28	19	TRUE
29	19	0.00
30	19	0.00
31	19	0.00
32	19	0.00
33	19	0.00
34	19	0.00
35	19	0.00
0	18	0.00
1	18	0.00
2	18	0.00
3	18	0.00
4	18	0.00
5	18	0.00
6	18	TRUE
7	18	TRUE
8	18	TRUE
9	18	TRUE
10	18	0.00
11	18	0.00
12	18	0.00
13	18	0.00
14	18	0.00
15	18	0.00
16	18	0.00
17	18	0.00
18	18	0.00
19	18	0.00
20	18	0.00
21	18	TRUE
22	18	0.00
23	18	0.00
24	18	0.00
25	18	0.00
26	18	TRUE
27	18	0.00
28	18	TRUE
29	18	0.00
30	18	0.00
31	18	0.00
32	18	0.00
33	18	0.00
34	18	0.00
35	18	0.00
0	17	0.00
1	17	0.00
2	17	0.00
3	17	0.00
4	17	0.00
5	17	TRUE
6	17	TRUE
7	17	TRUE
8	17	TRUE
9	17	TRUE
10	17	0.00
11	17	0.00
12	17	0.00
13	17	0.00
14	17	0.00
15	17	0.00
16	17	0.00
17	17	0.00
18	17	0.00
19	17	0.00
20	17	0.00
21	17	TRUE
22	17	0.00
23	17	0.00
24	17	0.00
25	17	0.00
26	17	TRUE
27	17	0.00
28	17	0.00
29	17	0.00
30	17	0.00
31	17	0.00
32	17	0.00
33	17	0.00
34	17	0.00
35	17	0.00
0	16	0.00
1	16	0.00
2	16	0.00
3	16	TRUE
4	16	TRUE
5	16	TRUE
6	16	TRUE
7	16	TRUE
8	16	TRUE
9	16	0.00
10	16	0.00
11	16	0.00
12	16	0.00
13	16	0.00
14	16	0.00
15	16	0.00
16	16	0.00
17	16	0.00
18	16	0.00
19	16	0.00
20	16	0.00
21	16	TRUE
22	16	0.00
23	16	0.00
24	16	0.00
25	16	0.00
26	16	TRUE
27	16	0.00
28	16	0.00
29	16	0.00
30	16	0.00
31	16	0.00
32	16	0.00
33	16	0.00
34	16	0.00
35	16	0.00
0	15	0.00
1	15	0.00
2	15	TRUE
3	15	TRUE
4	15	0.00
5	15	0.00
6	15	TRUE
7	15	0.00
8	15	0.00
9	15	0.00
10	15	0.00
11	15	0.00
12	15	0.00
13	15	0.00
14	15	0.00
15	15	0.00
16	15	0.00
17	15	0.00
18	15	0.00
19	15	0.00
20	15	0.00
21	15	TRUE
22	15	0.00
23	15	0.00
24	15	TRUE
25	15	TRUE
26	15	0.00
27	15	0.00
28	15	0.00
29	15	0.00
30	15	0.00
31	15	0.00
32	15	0.00
33	15	0.00
34	15	0.00
35	15	0.00
0	14	0.00
1	14	TRUE
2	14	TRUE
3	14	TRUE
4	14	0.00
5	14	0.00
6	14	TRUE
7	14	TRUE
8	14	TRUE
9	14	0.00
10	14	0.00
11	14	0.00
12	14	0.00
13	14	0.00
14	14	0.00
15	14	0.00
16	14	0.00
17	14	0.00
18	14	0.00
19	14	0.00
20	14	TRUE
21	14	TRUE
22	14	0.00
23	14	0.00
24	14	TRUE
25	14	0.00
26	14	0.00
27	14	0.00
28	14	0.00
29	14	0.00
30	14	0.00
31	14	0.00
32	14	0.00
33	14	0.00
34	14	0.00
35	14	0.00
0	13	0.00
1	13	0.00
2	13	0.00
3	13	0.00
4	13	0.00
5	13	0.00
6	13	0.00
7	13	0.00
8	13	TRUE
9	13	TRUE
10	13	TRUE
11	13	TRUE
12	13	0.00
13	13	0.00
14	13	0.00
15	13	0.00
16	13	0.00
17	13	0.00
18	13	0.00
19	13	0.00
20	13	0.00
21	13	TRUE
22	13	TRUE
23	13	TRUE
24	13	TRUE
25	13	TRUE
26	13	0.00
27	13	0.00
28	13	0.00
29	13	0.00
30	13	0.00
31	13	0.00
32	13	0.00
33	13	0.00
34	13	0.00
35	13	0.00
0	12	0.00
1	12	0.00
2	12	0.00
3	12	0.00
4	12	0.00
5	12	0.00
6	12	0.00
7	12	0.00
8	12	TRUE
9	12	TRUE
10	12	0.00
11	12	0.00
12	12	0.00
13	12	0.00
14	12	0.00
15	12	0.00
16	12	0.00
17	12	0.00
18	12	0.00
19	12	0.00
20	12	0.00
21	12	TRUE
22	12	TRUE
23	12	0.00
24	12	0.00
25	12	0.00
26	12	0.00
27	12	0.00
28	12	0.00
29	12	0.00
30	12	0.00
31	12	0.00
32	12	0.00
33	12	0.00
34	12	0.00
35	12	0.00
0	11	0.00
1	11	0.00
2	11	0.00
3	11	0.00
4	11	0.00
5	11	0.00
6	11	TRUE
7	11	TRUE
8	11	TRUE
9	11	0.00
10	11	0.00
11	11	0.00
12	11	0.00
13	11	0.00
14	11	0.00
15	11	0.00
16	11	0.00
17	11	0.00
18	11	0.00
19	11	TRUE
20	11	TRUE
21	11	0.00
22	11	0.00
23	11	0.00
24	11	0.00
25	11	0.00
26	11	0.00
27	11	0.00
28	11	0.00
29	11	0.00
30	11	0.00
31	11	0.00
32	11	0.00
33	11	0.00
34	11	0.00
35	11	0.00
0	10	0.00
1	10	0.00
2	10	0.00
3	10	0.00
4	10	0.00
5	10	0.00
6	10	TRUE
7	10	TRUE
8	10	0.00
9	10	0.00
10	10	0.00
11	10	TRUE
12	10	TRUE
13	10	TRUE
14	10	TRUE
15	10	TRUE
16	10	TRUE
17	10	TRUE
18	10	TRUE
19	10	TRUE
20	10	TRUE
21	10	0.00
22	10	0.00
23	10	0.00
24	10	0.00
25	10	0.00
26	10	0.00
27	10	0.00
28	10	0.00
29	10	0.00
30	10	0.00
31	10	0.00
32	10	0.00
33	10	0.00
34	10	0.00
35	10	0.00
0	9	0.00
1	9	0.00
2	9	0.00
3	9	0.00
4	9	0.00
5	9	0.00
6	9	TRUE
7	9	TRUE
8	9	0.00
9	9	0.00
10	9	0.00
11	9	TRUE
12	9	0.00
13	9	0.00
14	9	0.00
15	9	0.00
16	9	0.00
17	9	0.00
18	9	0.00
19	9	0.00
20	9	TRUE
21	9	0.00
22	9	0.00
23	9	0.00
24	9	0.00
25	9	0.00
26	9	0.00
27	9	0.00
28	9	0.00
29	9	0.00
30	9	0.00
31	9	0.00
32	9	0.00
33	9	0.00
34	9	0.00
35	9	0.00
0	8	0.00
1	8	0.00
2	8	0.00
3	8	0.00
4	8	0.00
5	8	0.00
6	8	TRUE
7	8	0.00
8	8	TRUE
9	8	TRUE
10	8	TRUE
11	8	TRUE
12	8	0.00
13	8	0.00
14	8	0.00
15	8	0.00
16	8	0.00
17	8	0.00
18	8	0.00
19	8	0.00
20	8	TRUE
21	8	0.00
22	8	0.00
23	8	0.00
24	8	0.00
25	8	0.00
26	8	0.00
27	8	0.00
28	8	0.00
29	8	0.00
30	8	0.00
31	8	0.00
32	8	0.00
33	8	0.00
34	8	0.00
35	8	0.00
0	7	0.00
1	7	0.00
2	7	0.00
3	7	0.00
4	7	TRUE
5	7	TRUE
6	7	TRUE
7	7	TRUE
8	7	0.00
9	7	0.00
10	7	0.00
11	7	0.00
12	7	TRUE
13	7	TRUE
14	7	TRUE
15	7	TRUE
16	7	TRUE
17	7	TRUE
18	7	TRUE
19	7	TRUE
20	7	0.00
21	7	0.00
22	7	0.00
23	7	0.00
24	7	0.00
25	7	0.00
26	7	0.00
27	7	0.00
28	7	0.00
29	7	0.00
30	7	0.00
31	7	0.00
32	7	0.00
33	7	0.00
34	7	0.00
35	7	0.00
0	6	0.00
1	6	0.00
2	6	0.00
3	6	0.00
4	6	TRUE
5	6	TRUE
6	6	TRUE
7	6	TRUE
8	6	0.00
9	6	0.00
10	6	0.00
11	6	0.00
12	6	TRUE
13	6	TRUE
14	6	0.00
15	6	0.00
16	6	TRUE
17	6	TRUE
18	6	0.00
19	6	0.00
20	6	0.00
21	6	0.00
22	6	0.00
23	6	0.00
24	6	0.00
25	6	0.00
26	6	0.00
27	6	0.00
28	6	0.00
29	6	0.00
30	6	0.00
31	6	0.00
32	6	0.00
33	6	0.00
34	6	0.00
35	6	0.00
0	5	0.00
1	5	0.00
2	5	0.00
3	5	0.00
4	5	0.00
5	5	0.00
6	5	0.00
7	5	0.00
8	5	0.00
9	5	0.00
10	5	0.00
11	5	0.00
12	5	TRUE
13	5	TRUE
14	5	0.00
15	5	0.00
16	5	TRUE
17	5	TRUE
18	5	0.00
19	5	0.00
20	5	0.00
21	5	0.00
22	5	0.00
23	5	0.00
24	5	0.00
25	5	0.00
26	5	0.00
27	5	0.00
28	5	0.00
29	5	0.00
30	5	0.00
31	5	0.00
32	5	0.00
33	5	0.00
34	5	0.00
35	5	0.00
0	4	0.00
1	4	0.00
2	4	0.00
3	4	0.00
4	4	0.00
5	4	0.00
6	4	0.00
7	4	0.00
8	4	0.00
9	4	0.00
10	4	0.00
11	4	0.00
12	4	TRUE
13	4	TRUE
14	4	TRUE
15	4	0.00
16	4	0.00
17	4	0.00
18	4	0.00
19	4	0.00
20	4	0.00
21	4	0.00
22	4	0.00
23	4	0.00
24	4	0.00
25	4	0.00
26	4	0.00
27	4	0.00
28	4	0.00
29	4	0.00
30	4	0.00
31	4	0.00
32	4	0.00
33	4	0.00
34	4	0.00
35	4	0.00
0	3	0.00
1	3	0.00
2	3	0.00
3	3	0.00
4	3	0.00
5	3	0.00
6	3	0.00
7	3	0.00
8	3	TRUE
9	3	TRUE
10	3	TRUE
11	3	TRUE
12	3	TRUE
13	3	TRUE
14	3	TRUE
15	3	0.00
16	3	0.00
17	3	0.00
18	3	0.00
19	3	0.00
20	3	0.00
21	3	0.00
22	3	0.00
23	3	0.00
24	3	0.00
25	3	0.00
26	3	0.00
27	3	0.00
28	3	0.00
29	3	0.00
30	3	0.00
31	3	0.00
32	3	0.00
33	3	0.00
34	3	0.00
35	3	0.00
0	2	0.00
1	2	0.00
2	2	0.00
3	2	0.00
4	2	0.00
5	2	0.00
6	2	0.00
7	2	0.00
8	2	TRUE
9	2	0.00
10	2	0.00
11	2	0.00
12	2	TRUE
13	2	0.00
14	2	TRUE
15	2	0.00
16	2	0.00
17	2	0.00
18	2	0.00
19	2	0.00
20	2	0.00
21	2	0.00
22	2	0.00
23	2	0.00
24	2	0.00
25	2	0.00
26	2	0.00
27	2	0.00
28	2	0.00
29	2	0.00
30	2	0.00
31	2	0.00
32	2	0.00
33	2	0.00
34	2	0.00
35	2	0.00
0	1	0.00
1	1	0.00
2	1	0.00
3	1	0.00
4	1	0.00
5	1	0.00
6	1	TRUE
7	1	TRUE
8	1	0.00
9	1	0.00
10	1	0.00
11	1	0.00
12	1	0.00
13	1	0.00
14	1	0.00
15	1	0.00
16	1	0.00
17	1	0.00
18	1	0.00
19	1	0.00
20	1	0.00
21	1	0.00
22	1	0.00
23	1	0.00
24	1	0.00
25	1	0.00
26	1	0.00
27	1	0.00
28	1	0.00
29	1	0.00
30	1	0.00
31	1	0.00
32	1	0.00
33	1	0.00
34	1	0.00
35	1	0.00
0	0	0.00
1	0	0.00
2	0	0.00
3	0	0.00
4	0	0.00
5	0	0.00
6	0	TRUE
7	0	TRUE
8	0	TRUE
9	0	0.00
10	0	0.00
11	0	0.00
12	0	0.00
13	0	0.00
14	0	0.00
15	0	0.00
16	0	0.00
17	0	0.00
18	0	0.00
19	0	0.00
20	0	0.00
21	0	0.00
22	0	0.00
23	0	0.00
24	0	0.00
25	0	0.00
26	0	0.00
27	0	0.00
28	0	0.00
29	0	0.00
30	0	0.00
31	0	0.00
32	0	0.00
33	0	0.00
34	0	0.00
35	0	0.00