1985 51289 23331 30646
1986 41326 20549 28674
1987 51938 18398 26243
1988 55928 16759 23213
1989 133286 16136 21654
1990 110813 14813 21587
1991 101143 13011 23863
1992 100482 11448 26272
1993 85505 11865 28683
1994 98378 14531 30513
1995 124796 18259 31557
1996 98387 20242 32151
1997 131542 19430 31874
1998 117345 18204 31996
1999 147152 17600 33167
2000 137278 17700 34295
2001 132593 18699 36327
2002 144430 19576 38037
2003 153896 20829 39537
2004 149884 21654 40350
2005 135797 22279 40992
2006 126022 21910 40652
2007 122228 21519 39803
2008 106309 21821 38781
2009 91951 22076 37182
2010 70277 21780 35030
2011 61267 20161 31452
2012 48881 18706 27858
2013 51674 16811 23770
2014 61164 14147 19500
2015 50185 12085 17123
2016 55546 10173 15934
2017 47133 9395 16133
2018 57881 9372 16799
2019 66372 10061 17534
