1985 849903
1986 2475980
1987 21106400
1988 17120900
1989 90828000
1990 7366260
1991 15363500
1992 22702500
1993 8645360
1994 33634700
1995 50041300
1996 3117850
1997 57812100
1998 17153700
1999 58044400
2000 25054900
2001 28108900
2002 43855200
2003 44208800
2004 33529900
2005 22797300
2006 24736900
2007 28633500
2008 15340100
2009 13393300
2010 2602660
2011 10921400
2012 4803090
2013 17148400
2014 24188700
2015 4581110
2016 17928300
2017 4465160
2018 21739800
2019 21714200
